0.136144946804702432
0.139444310317744652
0.149590909075447392
0.167330105775355675
0.193901466627650926
0.231027319681627402
0.280882681926549693
0.346034230600675397
0.429335102203762864
0.533763604850120865
0.662197989851185609
0.817126573706179249
1.000302580981549117
1.212365271980740733
1.452461663894981214
1.717914225428328612
2.003986719163740382
2.303800393521885148
2.608444192081741164
2.907304985417899168
3.188618172103221404
3.440208477935544185
3.650360298503882550
3.808732082604959768
3.907214954268923623
3.940635244527846748
3.907214954268928064
3.808732082604957547
3.650360298503881662
3.440208477935545517
3.188618172103222737
2.907304985417898724
2.608444192081740276
2.303800393521883372
2.003986719163736829
1.717914225428329500
1.452461663894980326
1.212365271980739179
1.000302580981550227
0.817126573706180137
0.662197989851185609
0.533763604850121309
0.429335102203762697
0.346034230600675674
0.280882681926549915
0.231027319681627402
0.193901466627651259
0.167330105775355453
0.149590909075447503
0.139444310317744735
0.136144946804702432
0.139444310317744652
0.149590909075447392
0.167330105775355675
0.193901466627650926
0.231027319681627402
0.280882681926549693
0.346034230600675397
0.429335102203762864
0.533763604850120865
0.662197989851185609
0.817126573706179249
1.000302580981549117
1.212365271980740733
1.452461663894981214
1.717914225428328612
2.003986719163740382
2.303800393521885148
2.608444192081741164
2.907304985417899168
3.188618172103221404
3.440208477935544185
3.650360298503882550
3.808732082604959768
3.907214954268923623
3.940635244527846748
3.907214954268928064
3.808732082604957547
3.650360298503881662
3.440208477935545517
3.188618172103222737
2.907304985417898724
2.608444192081740276
2.303800393521883372
2.003986719163736829
1.717914225428329500
1.452461663894980326
1.212365271980739179
1.000302580981550227
0.817126573706180137
0.662197989851185609
0.533763604850121309
0.429335102203762697
0.346034230600675674
0.280882681926549915
0.231027319681627402
0.193901466627651259
0.167330105775355453
0.149590909075447503
0.139444310317744735
