0.064241404776757952
0.065365562630327140
0.068800036847868479
0.074730411831208890
0.083464101792031634
0.095425799579916884
0.111147843074701977
0.131252636071682860
0.156424064330075219
0.187365184212595598
0.224740470140494392
0.269102664755185406
0.320806739797335649
0.379916441072948086
0.446111973169637521
0.518610035047791129
0.596109012062604138
0.676772059284562078
0.758258642117795478
0.837810699984027019
0.912393250130774769
0.978881727268990254
1.034280867290576555
1.075953865073944637
1.101837065322800013
1.110615363303786962
1.101837065322800902
1.075953865073943971
1.034280867290576111
0.978881727268990698
0.912393250130775102
0.837810699984026797
0.758258642117795145
0.676772059284561300
0.596109012062603361
0.518610035047791129
0.446111973169637355
0.379916441072947753
0.320806739797336038
0.269102664755185628
0.224740470140494392
0.187365184212595681
0.156424064330075080
0.131252636071682971
0.111147843074702032
0.095425799579916884
0.083464101792031745
0.074730411831208793
0.068800036847868506
0.065365562630327168
0.064241404776757952
0.065365562630327140
0.068800036847868479
0.074730411831208890
0.083464101792031634
0.095425799579916884
0.111147843074701977
0.131252636071682860
0.156424064330075219
0.187365184212595598
0.224740470140494392
0.269102664755185406
0.320806739797335649
0.379916441072948086
0.446111973169637521
0.518610035047791129
0.596109012062604138
0.676772059284562078
0.758258642117795478
0.837810699984027019
0.912393250130774769
0.978881727268990254
1.034280867290576555
1.075953865073944637
1.101837065322800013
1.110615363303786962
1.101837065322800902
1.075953865073943971
1.034280867290576111
0.978881727268990698
0.912393250130775102
0.837810699984026797
0.758258642117795145
0.676772059284561300
0.596109012062603361
0.518610035047791129
0.446111973169637355
0.379916441072947753
0.320806739797336038
0.269102664755185628
0.224740470140494392
0.187365184212595681
0.156424064330075080
0.131252636071682971
0.111147843074702032
0.095425799579916884
0.083464101792031745
0.074730411831208793
0.068800036847868506
0.065365562630327168
