1.148145008964493563
1.187260610870113808
1.308696480576750254
1.524738969397768651
1.855890451616672543
2.330775570821608245
2.985761582701346395
3.864077251601893082
5.014199776592905167
6.487300737875080436
8.333609439345799785
10.597671121083893198
13.312646268727357679
16.494002260045764530
20.133163815698221555
24.191876858616275570
28.598157664290098978
33.244703625112535406
37.990503164044511664
42.666090531020387289
47.082465072089732416
51.043186188536807890
54.358646071146949907
56.861106020149598805
58.418841207437573360
58.947727507236827194
58.418841207437623098
56.861106020149556173
54.358646071146928591
51.043186188536829206
47.082465072089753733
42.666090531020365972
37.990503164044490347
33.244703625112499878
28.598157664290059898
24.191876858616286228
20.133163815698214449
16.494002260045746766
13.312646268727375443
10.597671121083900303
8.333609439345803338
6.487300737875089318
5.014199776592901614
3.864077251601897967
2.985761582701349504
2.330775570821607356
1.855890451616677206
1.524738969397765764
1.308696480576751364
1.187260610870114697
1.148145008964493563
1.187260610870113808
1.308696480576750254
1.524738969397768651
1.855890451616672543
2.330775570821608245
2.985761582701346395
3.864077251601893082
5.014199776592905167
6.487300737875080436
8.333609439345799785
10.597671121083893198
13.312646268727357679
16.494002260045764530
20.133163815698221555
24.191876858616275570
28.598157664290098978
33.244703625112535406
37.990503164044511664
42.666090531020387289
47.082465072089732416
51.043186188536807890
54.358646071146949907
56.861106020149598805
58.418841207437573360
58.947727507236827194
58.418841207437623098
56.861106020149556173
54.358646071146928591
51.043186188536829206
47.082465072089753733
42.666090531020365972
37.990503164044490347
33.244703625112499878
28.598157664290059898
24.191876858616286228
20.133163815698214449
16.494002260045746766
13.312646268727375443
10.597671121083900303
8.333609439345803338
6.487300737875089318
5.014199776592901614
3.864077251601897967
2.985761582701349504
2.330775570821607356
1.855890451616677206
1.524738969397765764
1.308696480576751364
1.187260610870114697
