0.362087812247899266
0.372953806211906991
0.406557007011823124
0.465915873168579409
0.556061292793026740
0.684005421686582182
0.858638601249966937
1.090502487890530947
1.391383823009123333
1.773678531306728701
2.249492345846732189
2.829473306375501540
3.521412713571058006
4.328701143565305998
5.248778561184201052
6.271763308741155285
7.379473112051682548
8.545052005818554619
9.733382839742610315
10.902393418234167299
12.005259935998887855
12.993386963507539633
13.819918750478104030
14.443434938358198139
14.831425031761394706
14.963133431915590421
14.831425031761398259
14.443434938358189257
13.819918750478095149
12.993386963507548515
12.005259935998887855
10.902393418234160194
9.733382839742610315
8.545052005818542185
7.379473112051667449
6.271763308741159726
5.248778561184198388
4.328701143565301557
3.521412713571062891
2.829473306375504205
2.249492345846733965
1.773678531306730699
1.391383823009122445
1.090502487890532279
0.858638601249967826
0.684005421686582182
0.556061292793027850
0.465915873168578631
0.406557007011823512
0.372953806211907268
0.362087812247899266
0.372953806211906991
0.406557007011823124
0.465915873168579409
0.556061292793026740
0.684005421686582182
0.858638601249966937
1.090502487890530947
1.391383823009123333
1.773678531306728701
2.249492345846732189
2.829473306375501540
3.521412713571058006
4.328701143565305998
5.248778561184201052
6.271763308741155285
7.379473112051682548
8.545052005818554619
9.733382839742610315
10.902393418234167299
12.005259935998887855
12.993386963507539633
13.819918750478104030
14.443434938358198139
14.831425031761394706
14.963133431915590421
14.831425031761398259
14.443434938358189257
13.819918750478095149
12.993386963507548515
12.005259935998887855
10.902393418234160194
9.733382839742610315
8.545052005818542185
7.379473112051667449
6.271763308741159726
5.248778561184198388
4.328701143565301557
3.521412713571062891
2.829473306375504205
2.249492345846733965
1.773678531306730699
1.391383823009122445
1.090502487890532279
0.858638601249967826
0.684005421686582182
0.556061292793027850
0.465915873168578631
0.406557007011823512
0.372953806211907268
