3.164877016124607589e+00
3.161065695306538803e+00
3.159639474467475395e+00
3.159723840625439983e+00
3.163248829508401361e+00
3.166620712699558027e+00
3.174845922258192399e+00
3.186904857599180296e+00
3.202309253790322607e+00
3.220470433510293162e+00
3.240391366694642450e+00
3.261473856628489987e+00
3.283575341606338682e+00
3.308741317641628932e+00
3.336747524064145765e+00
3.368766940732149884e+00
3.403403450103106298e+00
3.441122555083547141e+00
3.480601117024897384e+00
3.517702263777713334e+00
3.552702013974249784e+00
3.582204257148004611e+00
3.606931944915564792e+00
3.626287502269113450e+00
3.641119134769546406e+00
3.649293831392989684e+00
3.648580225071471617e+00
3.639401889440188054e+00
3.622196423413865052e+00
3.597858810947402564e+00
3.567915255685046638e+00
3.534761814188029483e+00
3.500050782434732000e+00
3.464387845479520056e+00
3.429933870055088541e+00
3.395046360525588724e+00
3.361485760855853044e+00
3.327045362057367228e+00
3.297607266451635155e+00
3.270744324693207083e+00
3.250536986033500053e+00
3.232695006463409459e+00
3.219754897398500404e+00
3.207989701290891560e+00
3.197567714461575950e+00
3.190584959059876713e+00
3.184482332736986887e+00
3.178767433968432865e+00
3.173103870235609580e+00
3.168731074002441694e+00
7.978376189388734829e+00
7.974512333954727694e+00
7.976475822587398845e+00
7.980668417652820423e+00
7.990773483493700091e+00
8.004778973753039040e+00
8.023527900526508105e+00
8.049269458482271489e+00
8.080372904550735313e+00
8.116488839569591107e+00
8.156951501826924300e+00
8.201714876047779157e+00
8.251220505344457834e+00
8.303939589939510313e+00
8.362461274212078521e+00
8.426495754533499749e+00
8.495483872181566198e+00
8.566701439647667726e+00
8.638322890487740935e+00
8.705528992920365638e+00
8.767418095284572388e+00
8.823281637882564254e+00
8.871312332336712458e+00
8.907853649417486253e+00
8.935058130482836702e+00
8.947080683084767116e+00
8.944557775720939574e+00
8.927193574774335616e+00
8.894580895059409187e+00
8.852407239075066769e+00
8.800664635243515832e+00
8.741397256297354090e+00
8.678002251604253203e+00
8.610503960644290800e+00
8.543260925683963336e+00
8.476814896065762994e+00
8.409936101210403692e+00
8.345654177714990851e+00
8.286940650486069870e+00
8.233088164589114299e+00
8.188385100872444866e+00
8.147206030461399351e+00
8.113782638698587846e+00
8.083279085424344146e+00
8.056723370632404624e+00
8.034679419166073089e+00
8.016042242180011712e+00
8.002205585280734113e+00
7.991898968796512293e+00
7.982848775462975333e+00
