3.284306072307890734
3.289898329978200753
3.306721968751832552
3.334920065927847510
3.374738016594200030
3.426529453223471577
3.490756153559842812
3.567974692851308305
3.658801923850850457
3.763851819893753170
3.883638361008466156
4.018443424490429905
4.168154988225113655
4.332088581343195521
4.508812401735490027
4.696002080162632986
4.890352999367173936
5.087575291895041651
5.282488991560515323
5.469224967908978385
5.641522698272263270
5.793101237975114337
5.918068408437501482
6.011327869221987363
6.068944472574592019
6.088433210439625931
6.068944472574599125
6.011327869221981146
5.918068408437497929
5.793101237975131212
5.641522698272268599
5.469224967908976609
5.282488991560524205
5.087575291895041651
4.890352999367169495
4.696002080162632986
4.508812401735485587
4.332088581343193745
4.168154988225110991
4.018443424490428129
3.883638361008461271
3.763851819893750061
3.658801923850845572
3.567974692851304752
3.490756153559841035
3.426529453223469357
3.374738016594198253
3.334920065927846178
3.306721968751830332
3.289898329978197644
8.781903940207536508
8.794164317682731991
8.831068898588528171
8.892998975754677460
8.980623131096789891
9.094935215917699267
9.237284986564969103
9.409380653346323342
9.613239441100304816
9.851061885517097494
10.125009406884252883
10.436873955434650796
10.787643635106009654
11.176988279071295551
11.602711523063259591
12.060237127418563574
12.542212367614574475
13.038315555621716513
13.535344620965730655
14.017637619822115980
14.467835430711325273
14.867946999559402244
15.200627172373168960
15.450536357365098894
15.605627844989927056
15.658206973302474907
15.605627844989934161
15.450536357365093565
15.200627172373168960
14.867946999559420007
14.467835430711330602
14.017637619822115980
13.535344620965741314
13.038315555621711184
12.542212367614567370
12.060237127418563574
11.602711523063257815
11.176988279071283117
10.787643635106007878
10.436873955434650796
10.125009406884247554
9.851061885517095718
9.613239441100297711
9.409380653346323342
9.237284986564963774
9.094935215917693938
8.980623131096788114
8.892998975754673907
8.831068898588524618
8.794164317682728438
