3.381900428179624551
3.383784101267649724
3.389484095364067695
3.399148460139444605
3.413027111089364407
3.431474541396192457
3.454949587879970085
3.484008376035227617
3.519285836013595237
3.561460993590079838
3.611201939250366699
3.669088265370463731
3.735511949283615518
3.810561960175996354
3.893902742778017512
3.984661320245105554
4.081341001999638785
4.181780544655516074
4.283175323732084649
4.382171303220972369
4.475033659530896379
4.557881015036751471
4.626965348663439670
4.678968959128656735
4.711285001728747979
4.722247942283087419
4.711285001728753308
4.678968959128656735
4.626965348663443223
4.557881015036755912
4.475033659530899044
4.382171303220972369
4.283175323732086426
4.181780544655520515
4.081341001999637008
3.984661320245105554
3.893902742778014403
3.810561960175993690
3.735511949283611965
3.669088265370462842
3.611201939250363591
3.561460993590079394
3.519285836013594349
3.484008376035230281
3.454949587879971862
3.431474541396194677
3.413027111089367960
3.399148460139446382
3.389484095364067695
3.383784101267648836
8.626529861726440984
8.631418159440752191
8.646163142416236624
8.671005960635456589
8.706350441060026313
8.752762412896487376
8.810961866675247833
8.881801554102590757
8.966224722676665593
9.065194768946117421
9.179591146610066588
9.310069256215776079
9.456887374253845735
9.619710621699365305
9.797409687031077397
9.987879182774747733
10.187905483772507154
10.393115024079978781
10.598030045611093186
10.796249135782161943
10.980755057633530214
11.144334203269089301
11.280073561685187045
11.381885928650069317
11.445005204395254594
11.466392912382746161
11.445005204395263476
11.381885928650065765
11.280073561685188821
11.144334203269096406
10.980755057633540872
10.796249135782167272
10.598030045611093186
10.393115024079980557
10.187905483772510706
9.987879182774744180
9.797409687031080949
9.619710621699358200
9.456887374253849288
9.310069256215776079
9.179591146610066588
9.065194768946115644
8.966224722676665593
8.881801554102594309
8.810961866675253162
8.752762412896482047
8.706350441060026313
8.671005960635458365
8.646163142416240177
8.631418159440753968
