3.454957579435471438
3.454957579435472326
3.454957579435473658
3.454957579435471882
3.454957579435472326
3.454957579435474102
3.454957579435472770
3.454957579435471882
3.454957579435468773
3.454957579435472326
3.454957579435470549
3.454957579435469661
3.454957579435471438
3.454957579435469661
3.454957579435467441
3.454957579435466553
3.454957579435466553
3.454957579435463444
3.454957579435463888
3.454957579435463000
3.454957579435462556
3.454957579435463888
3.454957579435461223
3.454957579435462112
3.454957579435463000
3.454957579435463444
3.454957579435464332
3.454957579435463444
3.454957579435465220
3.454957579435464776
3.454957579435464776
3.454957579435464776
3.454957579435464332
3.454957579435464776
3.454957579435464332
3.454957579435463000
3.454957579435462556
3.454957579435461223
3.454957579435462112
3.454957579435462556
3.454957579435461223
3.454957579435463000
3.454957579435463888
3.454957579435464332
3.454957579435466108
3.454957579435467441
3.454957579435467885
3.454957579435469217
3.454957579435470549
3.454957579435470549
8.594252581214256281
8.594252581214254505
8.594252581214252729
8.594252581214252729
8.594252581214258058
8.594252581214254505
8.594252581214258058
8.594252581214252729
8.594252581214254505
8.594252581214258058
8.594252581214250952
8.594252581214250952
8.594252581214252729
8.594252581214250952
8.594252581214249176
8.594252581214247400
8.594252581214245623
8.594252581214245623
8.594252581214242070
8.594252581214242070
8.594252581214240294
8.594252581214240294
8.594252581214238518
8.594252581214240294
8.594252581214234965
8.594252581214236741
8.594252581214234965
8.594252581214233189
8.594252581214236741
8.594252581214234965
8.594252581214234965
8.594252581214234965
8.594252581214231412
8.594252581214233189
8.594252581214236741
8.594252581214234965
8.594252581214233189
8.594252581214231412
8.594252581214231412
8.594252581214234965
8.594252581214233189
8.594252581214233189
8.594252581214236741
8.594252581214238518
8.594252581214240294
8.594252581214243847
8.594252581214247400
8.594252581214245623
8.594252581214249176
8.594252581214249176
