3.426081949742664445
3.426793176380981798
3.428945134440994913
3.432592838311632200
3.437828411528553119
3.444781145938383915
3.453616391558785637
3.464532084219906327
3.477751449173130283
3.493510314444740139
3.512037648219346053
3.533528509847345678
3.558109628672617042
3.585799259133522376
3.616464647238580188
3.649782104762295365
3.685205955690777024
3.721953106901437103
3.759009379999080025
3.795161849029304424
3.829058321576156221
3.859291160446125968
3.884498554421877081
3.903472916578468954
3.915264006240370964
3.919264075274899284
3.915264006240374961
3.903472916578470286
3.884498554421879302
3.859291160446129965
3.829058321576160662
3.795161849029309309
3.759009379999081801
3.721953106901436659
3.685205955690776580
3.649782104762293145
3.616464647238577967
3.585799259133517936
3.558109628672613045
3.533528509847344345
3.512037648219341168
3.493510314444736142
3.477751449173128062
3.464532084219906771
3.453616391558783416
3.444781145938382583
3.437828411528556671
3.432592838311631755
3.428945134440992693
3.426793176380982242
8.597402659396124136
8.599209642952891031
8.604655692692450231
8.613815864761013685
8.626814190987831310
8.643821190005109401
8.665048625794337767
8.690739869589528155
8.721153984243542823
8.756541693499814372
8.797111854854964719
8.842988029874316425
8.894156268040447344
8.950407196771852369
9.011277704353167550
9.075999536838036619
9.143463530884616830
9.212208491775232488
9.280442522095601277
9.346101740293725868
9.406946938416217208
9.460693348112183543
9.505163208656155049
9.538446304181388058
9.559050966608838351
9.566027817342288131
9.559050966608841904
9.538446304181386282
9.505163208656160378
9.460693348112183543
9.406946938416220760
9.346101740293725868
9.280442522095603053
9.212208491775230712
9.143463530884620383
9.075999536838038395
9.011277704353163998
8.950407196771839935
8.894156268040440239
8.842988029874311096
8.797111854854955837
8.756541693499809043
8.721153984243539270
8.690739869589526378
8.665048625794334214
8.643821190005105848
8.626814190987834863
8.613815864761010133
8.604655692692450231
8.599209642952889254
