3.003741707772301872
3.023639399710178033
3.083029280536885519
3.181002007419565736
3.316042022028158343
3.486025735579723950
3.688217772446381826
3.919267462351721854
4.175209971945939458
4.451478012081370395
4.742931590022756438
5.043915571072909110
5.348357547214606100
5.649919858959073338
5.942216919025660182
6.219099930211296368
6.474995139060733429
6.705261488679995274
6.906514428217802148
7.076850928662616447
7.215911607225769409
7.324733656183738617
7.405385580612476204
7.460427078670002210
7.492289307771132556
7.502701780824461153
7.492289307771189399
7.460427078669956025
7.405385580612468210
7.324733656183791020
7.215911607225798718
7.076850928662596019
6.906514428217813695
6.705261488680007709
6.474995139060736982
6.219099930211302585
5.942216919025659294
5.649919858959061791
5.348357547214605212
5.043915571072906445
4.742931590022751998
4.451478012081366842
4.175209971945929688
3.919267462351722742
3.688217772446378273
3.486025735579721729
3.316042022028158343
3.181002007419564404
3.083029280536884187
3.023639399710176257
9.340455844858247758
9.371928919125714685
9.466082414416053581
9.622182652299745342
9.839209208791299233
10.116126619666585995
10.452203011629901397
10.847317216055643030
11.302183206166919405
11.818412958794375811
12.398341004156609557
13.044551234857209465
13.759082076031125652
14.542338844922937824
15.391806079231297844
16.300717099892711559
17.256889244281442330
18.241957039263802187
19.231221024057663982
20.194271176335927720
21.096443236825173528
21.901037646852209662
22.572099449983234365
23.077451206098871239
23.391609673073133990
23.498209873814449367
23.391609673073176623
23.077451206098835712
22.572099449983220154
21.901037646852259400
21.096443236825198397
20.194271176335917062
19.231221024057671087
18.241957039263805740
17.256889244281442330
16.300717099892715112
15.391806079231299620
14.542338844922930718
13.759082076031130981
13.044551234857211242
12.398341004156607781
11.818412958794374035
11.302183206166912299
10.847317216055648359
10.452203011629892515
10.116126619666580666
9.839209208791299233
9.622182652299741790
9.466082414416053581
9.371928919125712909
