4.441242109545046723e+00
4.430630521025372914e+00
4.426676340894977635e+00
4.425714637431372722e+00
4.430561020359877311e+00
4.435359331297123120e+00
4.447511529021973331e+00
4.469991894289416123e+00
4.498694671929416522e+00
4.533358110493200144e+00
4.570310597436870736e+00
4.609130472409588286e+00
4.647459018864629421e+00
4.694465465276601357e+00
4.742832978055496085e+00
4.799723308071328631e+00
4.865399954060111831e+00
4.937984676797388062e+00
5.017255153785718846e+00
5.091285503679673141e+00
5.164673098833883813e+00
5.225666780797851629e+00
5.277349347513994537e+00
5.319170467793279400e+00
5.353393489898293112e+00
5.378558045978869551e+00
5.384469442863596633e+00
5.374312560668460748e+00
5.342630563148554224e+00
5.289077497533701155e+00
5.217072535727745652e+00
5.136866549566514450e+00
5.057304675031851993e+00
4.983841872214844315e+00
4.916712235220287219e+00
4.855507468491615519e+00
4.798772870608177143e+00
4.738860744375300804e+00
4.687459569662280501e+00
4.636071177019460698e+00
4.594070868628371329e+00
4.554767879316337975e+00
4.526734163684495549e+00
4.504614993524787891e+00
4.491111816695518399e+00
4.486963169366515736e+00
4.483968257024288917e+00
4.477096613288479077e+00
4.464603016594491436e+00
4.453269372491419631e+00
2.448998917430207456e+01
2.445372239865304564e+01
2.445419280126868244e+01
2.446832580147875902e+01
2.451293644574123221e+01
2.458126525905687743e+01
2.467461530487188881e+01
2.480080053045624666e+01
2.495911414709798848e+01
2.513655098367253160e+01
2.533842444903765667e+01
2.556098749376081614e+01
2.580762343312715146e+01
2.607136748932409631e+01
2.636384209677663293e+01
2.668817807739576509e+01
2.703990148028870522e+01
2.740902675487192397e+01
2.777819940914258368e+01
2.813073556373601392e+01
2.845713606668769557e+01
2.875189212023690288e+01
2.900595882827447980e+01
2.920221065578227382e+01
2.935462504962914565e+01
2.943602370698917525e+01
2.944121706117842052e+01
2.936450169486927209e+01
2.919842246628293125e+01
2.897069402228960655e+01
2.868561702959113902e+01
2.835472646221228032e+01
2.800529360096335907e+01
2.764277398955799825e+01
2.729343231874774744e+01
2.696485236482081405e+01
2.664137081377927174e+01
2.633071054706436698e+01
2.604047837136199206e+01
2.577151063006790821e+01
2.554139254761314248e+01
2.532247222617743532e+01
2.515111335761870848e+01
2.499634982141557416e+01
2.487379997548197252e+01
2.478003802367312147e+01
2.469954625575277163e+01
2.463843961408785788e+01
2.458152911621542103e+01
2.452407538491817718e+01
