4.283033468177031011
4.281408981258075563
4.276544274516476563
4.268466598123244360
4.257224565427776497
4.242892612142009412
4.225576589060499266
4.205419890847506004
4.182609436264407954
4.157380797810120932
4.130021842354990369
4.100874386258406723
4.070333567166230182
4.038844850573108936
4.006898772931530850
3.975023630609888947
3.943776334455165511
3.913731578336355987
3.885469369383006022
3.859560913061982124
3.836552908526488448
3.816950524038096315
3.801199666709001779
3.789669554424632825
3.782636922081284325
3.780273330963464851
3.782636922081297204
3.789669554424622167
3.801199666708971581
3.816950524038088322
3.836552908526465355
3.859560913061998555
3.885469369383040661
3.913731578336349326
3.943776334455159738
3.975023630609841430
4.006898772931506869
4.038844850573080514
4.070333567166192879
4.100874386258384519
4.130021842354977935
4.157380797810101392
4.182609436264413283
4.205419890847451825
4.225576589060467292
4.242892612142003195
4.257224565427768503
4.268466598123237254
4.276544274516485444
4.281408981258088886
13.790674318212218452
13.786101397159386650
13.772472079755516461
13.750053564424682406
13.719287188350479667
13.680781786048520132
13.635303229003302050
13.583759298182679132
13.527179213103256217
13.466687556680595250
13.403472966638513952
13.338752734057859328
13.273735232390084349
13.209582738825135451
13.147377545409602462
13.088094168860124000
13.032579912067310701
12.981545066527667487
12.935562836136213605
12.895077842967822335
12.860421091325278553
12.831828706972466136
12.809461710061192719
12.793424463316600992
12.783780090082075276
12.780561858810953524
12.783780090082098368
12.793424463316593886
12.809461710061219364
12.831828706972475018
12.860421091325230591
12.895077842967781478
12.935562836136172749
12.981545066527624854
13.032579912067316030
13.088094168860070710
13.147377545409618449
13.209582738825023540
13.273735232390015071
13.338752734057818472
13.403472966638497965
13.466687556680570381
13.527179213103206479
13.583759298182629394
13.635303229003232772
13.680781786048520132
13.719287188350440587
13.750053564424641550
13.772472079755470276
13.786101397159370663
