4.492244466302667050
4.492244466302666162
4.492244466302679484
4.492244466302677708
4.492244466302691919
4.492244466302680372
4.492244466302684813
4.492244466302694583
4.492244466302690142
4.492244466302684813
4.492244466302687478
4.492244466302695471
4.492244466302692807
4.492244466302709682
4.492244466302697248
4.492244466302681261
4.492244466302677708
4.492244466302672379
4.492244466302658168
4.492244466302667938
4.492244466302659944
4.492244466302659056
4.492244466302689254
4.492244466302652839
4.492244466302650174
4.492244466302651063
4.492244466302653727
4.492244466302650174
4.492244466302658168
4.492244466302657280
4.492244466302667938
4.492244466302668826
4.492244466302657280
4.492244466302641293
4.492244466302627970
4.492244466302636852
4.492244466302635075
4.492244466302615535
4.492244466302618200
4.492244466302616424
4.492244466302626194
4.492244466302637740
4.492244466302644845
4.492244466302663497
4.492244466302658168
4.492244466302679484
4.492244466302685701
4.492244466302690142
4.492244466302694583
4.492244466302686590
14.745373799915254764
14.745373799915272528
14.745373799915284962
14.745373799915283186
14.745373799915295621
14.745373799915315161
14.745373799915309831
14.745373799915309831
14.745373799915324042
14.745373799915315161
14.745373799915318713
14.745373799915315161
14.745373799915325819
14.745373799915318713
14.745373799915315161
14.745373799915325819
14.745373799915315161
14.745373799915315161
14.745373799915304502
14.745373799915292068
14.745373799915276081
14.745373799915281410
14.745373799915263646
14.745373799915224566
14.745373799915228119
14.745373799915221014
14.745373799915221014
14.745373799915201474
14.745373799915178381
14.745373799915187263
14.745373799915185486
14.745373799915174828
14.745373799915158841
14.745373799915132196
14.745373799915144630
14.745373799915126867
14.745373799915133972
14.745373799915119761
14.745373799915128643
14.745373799915151736
14.745373799915155288
14.745373799915169499
14.745373799915192592
14.745373799915190816
14.745373799915229895
14.745373799915260093
14.745373799915254764
14.745373799915283186
14.745373799915297397
14.745373799915313384
