2.989323902854823078
2.982341743426083269
2.961483639332121331
2.927014587532989154
2.879376784333908201
2.819193329032422923
2.747277755279541989
2.664650728299295945
2.572562284389691367
2.472514035801231636
2.366271961392691026
2.255858223704895860
2.143511295398565775
2.031608313522217824
1.922551617588058592
1.818631079724054800
1.721882248198695953
1.633964513453616707
1.556081578846547409
1.488958617493008063
1.432878888497267633
1.387770784164203963
1.353327603465924733
1.329138645330454338
1.314811371539392315
1.310068756410742274
1.314811371539401197
1.329138645330447233
1.353327603465918960
1.387770784164196858
1.432878888497280956
1.488958617493015391
1.556081578846550073
1.633964513453623812
1.721882248198696841
1.818631079724058575
1.922551617588064587
2.031608313522224041
2.143511295398570216
2.255858223704885201
2.366271961392672374
2.472514035801235632
2.572562284389698473
2.664650728299300386
2.747277755279544653
2.819193329032426032
2.879376784333920192
2.927014587532972278
2.961483639332131101
2.982341743426085046
7.702973289086814113
7.686377161369128963
7.636805667273947940
7.554910776622772772
7.441784163402339836
7.298966826524090123
7.128465070203093390
6.932772187202479230
6.714891583963365385
6.478352630561224679
6.227206486808072761
5.965987135927176332
5.699624344497530082
5.433301132201784789
5.172258292652494482
4.921560822020727421
4.685852786067529863
4.469134697280612301
4.274598074702953276
4.104544513479045698
3.960402620622510916
3.842838864689492429
3.751941874409169486
3.687447622651834678
3.648967336242004755
3.636181149716095184
3.648967336242002535
3.687447622651855550
3.751941874409175259
3.842838864689512413
3.960402620622513581
4.104544513479043033
4.274598074702961270
4.469134697280623847
4.685852786067530751
4.921560822020729198
5.172258292652493594
5.433301132201788342
5.699624344497525641
5.965987135927163898
6.227206486808088748
6.478352630561216685
6.714891583963351174
6.932772187202483671
7.128465070203086285
7.298966826524074136
7.441784163402336283
7.554910776622750568
7.636805667273945275
7.686377161369114752
