1.993077068551305731
1.989249395910830165
1.977335011809002729
1.956134831417636777
1.923953439538838239
1.879006170307967460
1.819895877542510032
1.746073460244973008
1.658187678747401916
1.558239405312386028
1.449487365128329319
1.336104477915831090
1.222645385707748167
1.113438722311323126
1.012042705932211906
0.920887197002958180
0.841171169390645401
0.773009276629079367
0.715752306261714044
0.668368915775269468
0.629781076527123784
0.599085207942055775
0.575643643767243529
0.559073917537378118
0.549183212328273274
0.545892857298102108
0.549183212328276937
0.559073917537376897
0.575643643767249524
0.599085207942058551
0.629781076527120565
0.668368915775271244
0.715752306261715043
0.773009276629081810
0.841171169390650064
0.920887197002957403
1.012042705932231224
1.113438722311325346
1.222645385707748611
1.336104477915828426
1.449487365128326211
1.558239405312377146
1.658187678747406357
1.746073460244978115
1.819895877542511364
1.879006170307957246
1.923953439538845345
1.956134831417628117
1.977335011808984078
1.989249395910836382
3.995800657264724443
3.995598641686912256
3.993596172547609680
3.985806612108181213
3.966240039925699623
3.927810743684216899
3.863457734668285237
3.767330087224452395
3.635860454807920306
3.468546007457582903
3.268286829392422099
3.041200683118232106
2.795931172217803073
2.542572289939920349
2.291417024205282260
2.051774061930180082
1.831070765486269458
1.634378938818143334
1.464388541152543022
1.321749558404615721
1.205635361232835434
1.114366860513040569
1.045969424718406593
0.998592359852004341
0.970778526648125251
0.961611061796214361
0.970778526648125251
0.998592359852006894
1.045969424718408591
1.114366860513045232
1.205635361232830105
1.321749558404616609
1.464388541152545020
1.634378938818147775
1.831070765486268570
2.051774061930176085
2.291417024205293806
2.542572289939913244
2.795931172217803073
3.041200683118218340
3.268286829392413662
3.468546007457583347
3.635860454807924302
3.767330087224436852
3.863457734668259480
3.927810743684208905
3.966240039925695626
3.985806612108161229
3.993596172547607459
3.995598641686908703
