3.850181674721250058
3.845987367873004548
3.833460972311748538
3.812772047755359939
3.784203067656009445
3.748148967069165227
3.705115992110882495
3.655719372474699469
3.600679292165278156
3.540814682062958241
3.477034504043047480
3.410326400496837884
3.341742769213934761
3.272384413823861138
3.203381887516513427
3.135874559145871210
3.070987441988856759
3.009806110817864866
2.953350666432409177
2.902550556074453780
2.858222770824773828
2.821056067436480852
2.791603082677668990
2.770280556151616391
2.757375819250653670
2.753056004740426665
2.757375819250651894
2.770280556151637263
2.791603082677655667
2.821056067436484405
2.858222770824814241
2.902550556074453336
2.953350666432419391
3.009806110817863090
3.070987441988856315
3.135874559145867657
3.203381887516497439
3.272384413823872684
3.341742769213949860
3.410326400496844990
3.477034504043042151
3.540814682062943142
3.600679292165289258
3.655719372474709239
3.705115992110892265
3.748148967069184767
3.784203067656025432
3.812772047755363491
3.833460972311738768
3.845987367873015206
11.740751495338523469
11.729350748440548813
11.695426369626048313
11.639802330644481998
11.563820060764802733
11.469291374613446166
11.358434174769856284
11.233792920955368189
11.098146903103952354
10.954410593069400903
10.805531609935908222
10.654392831667603758
10.503725565084110372
10.356040119628303842
10.213578453987917527
10.078290897786610358
9.951835739964380423
9.835597415084592399
9.730716848170180455
9.638126765136473040
9.558585550689565835
9.492705185342263263
9.440971241361863164
9.403755134006221539
9.381320293806075128
9.373824485117495442
9.381320293806084010
9.403755134006264171
9.440971241361868493
9.492705185342266816
9.558585550689587151
9.638126765136510343
9.730716848170159139
9.835597415084613715
9.951835739964430161
10.078290897786649438
10.213578453987903316
10.356040119628300289
10.503725565084106819
10.654392831667584218
10.805531609935902893
10.954410593069408009
11.098146903104000316
11.233792920955382399
11.358434174769884706
11.469291374613442613
11.563820060764850695
11.639802330644501538
11.695426369626032326
11.729350748440511509
