2.119526407183683681
2.119526407183686789
2.119526407183686345
2.119526407183689898
2.119526407183683681
2.119526407183687233
2.119526407183687233
2.119526407183689454
2.119526407183691674
2.119526407183693451
2.119526407183692118
2.119526407183686345
2.119526407183692118
2.119526407183677463
2.119526407183683681
2.119526407183684125
2.119526407183681904
2.119526407183677019
2.119526407183675243
2.119526407183676575
2.119526407183675687
2.119526407183676131
2.119526407183669026
2.119526407183678351
2.119526407183672578
2.119526407183674799
2.119526407183672134
2.119526407183672134
2.119526407183674799
2.119526407183673022
2.119526407183673022
2.119526407183669026
2.119526407183670358
2.119526407183667249
2.119526407183669026
2.119526407183668582
2.119526407183666361
2.119526407183667249
2.119526407183665029
2.119526407183667249
2.119526407183665029
2.119526407183669026
2.119526407183669914
2.119526407183670802
2.119526407183672578
2.119526407183674799
2.119526407183677463
2.119526407183676575
2.119526407183677463
2.119526407183677463
3.840049878695793062
3.840049878695793950
3.840049878695793506
3.840049878695793506
3.840049878695798835
3.840049878695801944
3.840049878695802832
3.840049878695803276
3.840049878695801944
3.840049878695801500
3.840049878695799723
3.840049878695800611
3.840049878695796615
3.840049878695797059
3.840049878695790841
3.840049878695788177
3.840049878695782848
3.840049878695782848
3.840049878695781960
3.840049878695780627
3.840049878695779739
3.840049878695779295
3.840049878695778407
3.840049878695775742
3.840049878695777075
3.840049878695776187
3.840049878695776187
3.840049878695781072
3.840049878695778407
3.840049878695777963
3.840049878695780627
3.840049878695777075
3.840049878695777963
3.840049878695779739
3.840049878695776631
3.840049878695773522
3.840049878695774854
3.840049878695773078
3.840049878695773966
3.840049878695776631
3.840049878695775298
3.840049878695776631
3.840049878695777519
3.840049878695777075
3.840049878695781072
3.840049878695781516
3.840049878695784624
3.840049878695787289
3.840049878695787289
3.840049878695788177
