5.009768202046279484e+00
4.999299956687787372e+00
5.007544730243427722e+00
5.014471912661317532e+00
5.019197901505584980e+00
5.027406819505314317e+00
5.038955082209862546e+00
5.058678347882022308e+00
5.079283593150801579e+00
5.106224586839217316e+00
5.131510713932499357e+00
5.154817946860332789e+00
5.161236136011878806e+00
5.171717047495159925e+00
5.171913162835914513e+00
5.186115065456792905e+00
5.218422049043849320e+00
5.256721405985523177e+00
5.294711208292316229e+00
5.318193835215795140e+00
5.341729495014644336e+00
5.347399658365508124e+00
5.350669276437243660e+00
5.366377511932857836e+00
5.390373031664712933e+00
5.427791012382943592e+00
5.456830950109544887e+00
5.478748544439312695e+00
5.475700893878614472e+00
5.438857154400932536e+00
5.376528222957653647e+00
5.316351015919594580e+00
5.275536252115759162e+00
5.251850024570998698e+00
5.233243341813225591e+00
5.235353384192996451e+00
5.228211104219459671e+00
5.211418969863951034e+00
5.186958164334750876e+00
5.156663660924114545e+00
5.122677803246646455e+00
5.094153240721646547e+00
5.071854665678331209e+00
5.057925248774282068e+00
5.062725636691415509e+00
5.064363685032032159e+00
5.065927383209300139e+00
5.058621972418281487e+00
5.039981412281863804e+00
5.024429503201377933e+00
2.395796272423931583e+01
2.391223509069760311e+01
2.391012046117861445e+01
2.392149605929532186e+01
2.395415532495089650e+01
2.402130191808137027e+01
2.408281616291968419e+01
2.416534327216987421e+01
2.427366032580638588e+01
2.436994526162880703e+01
2.448015421198735808e+01
2.458561238771186552e+01
2.468466638979110428e+01
2.477948868247801073e+01
2.488102251135397580e+01
2.500438026992901541e+01
2.514907434891887306e+01
2.531178050183237005e+01
2.545786177367608616e+01
2.558466232463162271e+01
2.567910426240031541e+01
2.575732505582555021e+01
2.582718101533443900e+01
2.588721863923220212e+01
2.597826640052992886e+01
2.607666177272739105e+01
2.614836896954402690e+01
2.618637699079167191e+01
2.615604006168926077e+01
2.605482014491546749e+01
2.591380013027926665e+01
2.575297145497430407e+01
2.558165588410297531e+01
2.544660300257037022e+01
2.533276495117254967e+01
2.525255381297963808e+01
2.517573128415832429e+01
2.508228882459333065e+01
2.495419934859600275e+01
2.482064057895263787e+01
2.467351635770426199e+01
2.451627799933278240e+01
2.441249425974491061e+01
2.431654581617805988e+01
2.426593569022113428e+01
2.422919352007563631e+01
2.419395382564893282e+01
2.415465080626985994e+01
2.408419975251321787e+01
2.401194935840431555e+01
