3.479998138478002101e+00
3.491959986764598067e+00
3.512274964384515474e+00
3.518144975052849066e+00
3.531746836211731466e+00
3.546594665169217730e+00
3.569396880008934403e+00
3.596537371845893727e+00
3.630650171395705783e+00
3.662758597317569809e+00
3.698029736638007492e+00
3.736894743730698742e+00
3.782756280493721590e+00
3.830402839204400056e+00
3.866710868321532768e+00
3.904342701522607761e+00
3.952114992940852112e+00
4.014982307361950831e+00
4.082129648089976470e+00
4.151249177154493708e+00
4.193176878383690465e+00
4.232885409816872446e+00
4.265661820025589357e+00
4.292319491718353142e+00
4.324009375763580465e+00
4.345281213505877815e+00
4.347529335342532164e+00
4.320739818592699955e+00
4.285301423691898925e+00
4.227386569209731881e+00
4.159559410845568017e+00
4.088679680699874197e+00
4.035569829044310275e+00
3.988392198943414346e+00
3.944984232917558398e+00
3.896327437475898048e+00
3.845962136870599846e+00
3.797907826634491890e+00
3.756372333580149547e+00
3.715289554416532525e+00
3.678689106000124109e+00
3.648962825353156969e+00
3.621415383470582672e+00
3.598532620375514135e+00
3.575977224145817424e+00
3.548161637751048314e+00
3.512311687743407518e+00
3.489908443690115547e+00
3.482557019385798203e+00
3.472356795815787489e+00
1.505637831336949617e+01
1.509179647095754895e+01
1.512619558765132233e+01
1.516226187496807931e+01
1.520756251037165718e+01
1.527062585217676549e+01
1.534933746153323497e+01
1.546671176660523273e+01
1.558310396305848755e+01
1.572916552828182013e+01
1.588779877959241027e+01
1.607112218927426639e+01
1.627124295380157193e+01
1.647522363603332707e+01
1.671207158609640331e+01
1.694696062196267761e+01
1.721705402932716922e+01
1.750402640481518546e+01
1.781711790889965386e+01
1.813547297969158834e+01
1.840792137613543744e+01
1.862725173967327308e+01
1.881131752195733498e+01
1.895989713347159267e+01
1.907297975096486553e+01
1.913039392238206560e+01
1.911036144235891499e+01
1.900684035331784472e+01
1.882693810910921073e+01
1.855281805077758861e+01
1.825991323867348015e+01
1.794576792644231844e+01
1.763353357698717616e+01
1.733729648826284375e+01
1.705855654765743168e+01
1.678180742327847597e+01
1.652985962825646382e+01
1.630033170154520050e+01
1.611736259813182315e+01
1.594963517129764163e+01
1.579946468476197552e+01
1.566200540723326284e+01
1.554405152910999810e+01
1.545156448730561216e+01
1.534972321076123869e+01
1.524064128329253620e+01
1.515375601317582266e+01
1.508358233944607107e+01
1.504677833378411123e+01
1.503330692727094764e+01
