2.304897598717233098e+00
2.307306225728306792e+00
2.308588204326183835e+00
2.312726501578073801e+00
2.315827903568050683e+00
2.318767811021621661e+00
2.318914574523319505e+00
2.316749478877440538e+00
2.313362488110002779e+00
2.311081054917972999e+00
2.310641037987085866e+00
2.311034951109918190e+00
2.310042656187486720e+00
2.307983872200382702e+00
2.307574396637547931e+00
2.307775970860988402e+00
2.311078322611687774e+00
2.315394996541687789e+00
2.317767252231551556e+00
2.317378898497217676e+00
2.311570334123345116e+00
2.306389217842035322e+00
2.301907142895263103e+00
2.299473177663306611e+00
2.298828560899520479e+00
2.300708392534993152e+00
2.304339930732504982e+00
2.304514845990865091e+00
2.306215362149790948e+00
2.305127421090919615e+00
2.301783798995856500e+00
2.297760699618194291e+00
2.294206013214345141e+00
2.294143549009552085e+00
2.296748581201250694e+00
2.301353652229177538e+00
2.303456907646915575e+00
2.302908498737386456e+00
2.300272449255718943e+00
2.296937350954768586e+00
2.295868146540646304e+00
2.294026880595813722e+00
2.289195887138263608e+00
2.286223014208355941e+00
2.284079468856164752e+00
2.286329907680205498e+00
2.289431395240223654e+00
2.293366733157556681e+00
2.298188479069912749e+00
2.301188821006259211e+00
4.488267644651570798e+00
4.493123674266461975e+00
4.497701616891708554e+00
4.502420326469976253e+00
4.507896664604253978e+00
4.512717361959434292e+00
4.514907980675928023e+00
4.513066252727978345e+00
4.510202179172249970e+00
4.508047343338323465e+00
4.507247157798309978e+00
4.508808508660876235e+00
4.508660851914573442e+00
4.510104004930870047e+00
4.511053702130291221e+00
4.511035026764542266e+00
4.509877555731942600e+00
4.509432666236080856e+00
4.506462783448696108e+00
4.500150175094257854e+00
4.494679666051587752e+00
4.489888195728336306e+00
4.485596992194855304e+00
4.483080859902724313e+00
4.483087504520563371e+00
4.484959892037619689e+00
4.487564419174015384e+00
4.490354377334279334e+00
4.490777735418855166e+00
4.488010397794679029e+00
4.484017126215136706e+00
4.481146074125447853e+00
4.477362087848378636e+00
4.478244490264223998e+00
4.479276013631032782e+00
4.480467048421759912e+00
4.483122775892844913e+00
4.481289953159392603e+00
4.478979462015710844e+00
4.475438272147367336e+00
4.470763929601395681e+00
4.466646583264782144e+00
4.462582368029495150e+00
4.460111356751652600e+00
4.459307596944387164e+00
4.464099805796527320e+00
4.469199382582071500e+00
4.475722781246425974e+00
4.480770129747531527e+00
4.485723591049939785e+00
