1.728957731599545911
1.726937478856538588
1.720888171057728400
1.710844526695412871
1.696865933636484192
1.679039684775245345
1.657487067689047411
1.632373130872462497
1.603920277535944239
1.572424739358595724
1.538273630077153564
1.501958973719511148
1.464084245971587261
1.425358988564269458
1.386578291237179350
1.348586470290060069
1.312227795855585022
1.278290853906638436
1.247455930391684342
1.220255501832667733
1.197055831739050502
1.178063097663713199
1.163351748213788728
1.152907777022705416
1.146676803918566412
1.144606739131541540
1.146676803918569076
1.152907777022701641
1.163351748213787396
1.178063097663711867
1.197055831739047838
1.220255501832667733
1.247455930391685675
1.278290853906638214
1.312227795855588353
1.348586470290057182
1.386578291237180460
1.425358988564261908
1.464084245971588372
1.501958973719509594
1.538273630077155341
1.572424739358594392
1.603920277535941796
1.632373130872460276
1.657487067689041194
1.679039684775238905
1.696865933636479973
1.710844526695409318
1.720888171057723959
1.726937478856544583
2.775382736073817469
2.772391577119690531
2.763437922996535789
2.748582122665989225
2.727927867992393285
2.701627396967523076
2.669889605015958178
2.632991356754721402
2.591291725284143865
2.545248023856284014
2.495431460485572295
2.442539251525259303
2.387399359216241468
2.330963985730394761
2.274288834642749002
2.218497066150310726
2.164729692322746590
2.114087413399104776
2.067571789686581507
2.026035209417315297
1.990148525989743122
1.960392204374848957
1.937071853069744165
1.920353411331731541
1.910308637861903414
1.906959246616053871
1.910308637861900749
1.920353411331732429
1.937071853069744831
1.960392204374852065
1.990148525989740902
2.026035209417309968
2.067571789686577510
2.114087413399109661
2.164729692322748811
2.218497066150312058
2.274288834642741453
2.330963985730393873
2.387399359216239692
2.442539251525257082
2.495431460485566078
2.545248023856279573
2.591291725284138980
2.632991356754717405
2.669889605015953293
2.701627396967515082
2.727927867992385291
2.748582122665989225
2.763437922996537566
2.772391577119690975
