4.513910721108184809e+00
4.534794845544768194e+00
4.546101441738223947e+00
4.556537371753608845e+00
4.553098214292329082e+00
4.551077586031208710e+00
4.554702731759093126e+00
4.563327419042320088e+00
4.572350096949303833e+00
4.580566296404225746e+00
4.600724159805970714e+00
4.627027686070726453e+00
4.675525850245923820e+00
4.739135937374392427e+00
4.822521298077557361e+00
4.904477496981431095e+00
4.993440082595118845e+00
5.076566642580528921e+00
5.150024740517177513e+00
5.212112699479558131e+00
5.278502262524107813e+00
5.345586049972679277e+00
5.403809094756169884e+00
5.461980742178361048e+00
5.499081738774973083e+00
5.502430711884955805e+00
5.491911859727551359e+00
5.461885526238151378e+00
5.425949936647658234e+00
5.382688587199947250e+00
5.328418445272020243e+00
5.254476836988970057e+00
5.165411900791052169e+00
5.081760175692878967e+00
4.994649543446216811e+00
4.918887641964095891e+00
4.839910097750206752e+00
4.769925030537288002e+00
4.704794573734882412e+00
4.640854702988415958e+00
4.591119944012119980e+00
4.551394238056066577e+00
4.525442975915679789e+00
4.512110253824272554e+00
4.485930748548796920e+00
4.463603142496741505e+00
4.453095864564057038e+00
4.450533656776740621e+00
4.468754966866625544e+00
4.492402343394803488e+00
2.117033458562953641e+01
2.123323285799421711e+01
2.128903788321191115e+01
2.135464789264191765e+01
2.140934525945458944e+01
2.146134965880483847e+01
2.153021396374766994e+01
2.160623730038001611e+01
2.171856361006677716e+01
2.184494416793872773e+01
2.201614736541680983e+01
2.223395025890672372e+01
2.250934000467652751e+01
2.282964131707929667e+01
2.319192439353783186e+01
2.356715922824208675e+01
2.397338762907091692e+01
2.437848835029516792e+01
2.475414510256515044e+01
2.510902529275183426e+01
2.542571353645682208e+01
2.573751639633570676e+01
2.600510685022775093e+01
2.622837140638397102e+01
2.637982220639380415e+01
2.643466492116032995e+01
2.639768505048372660e+01
2.628305697959034859e+01
2.610846909761935919e+01
2.587235883549441695e+01
2.557438613668444916e+01
2.521560993546054874e+01
2.482441860127386590e+01
2.440105031098226718e+01
2.396208621521867244e+01
2.354652570456976335e+01
2.315136038075801395e+01
2.277245373779209814e+01
2.245381436814728815e+01
2.215317881177638881e+01
2.189437360935948718e+01
2.168006228947886882e+01
2.149536639759740453e+01
2.135878016379525945e+01
2.124531211666859321e+01
2.115166130395692790e+01
2.107682080106061306e+01
2.103900223110336398e+01
2.106664246236887550e+01
2.110242333285125582e+01
