2.018141996555783635e+00
2.024297316411260539e+00
2.025460820117710004e+00
2.022519160621047973e+00
2.012804195613489444e+00
2.001111299611221028e+00
1.989375281738894108e+00
1.974715731362221005e+00
1.961080286797403982e+00
1.947285530093962880e+00
1.938484257581382098e+00
1.931836257978833293e+00
1.929465563301212327e+00
1.928074054443421170e+00
1.928072216644594716e+00
1.925356154596094882e+00
1.921514809225588039e+00
1.915460825974129477e+00
1.906744792571204439e+00
1.896299153479380051e+00
1.885548357478819659e+00
1.876711934771964962e+00
1.870111746416979193e+00
1.867335727326356665e+00
1.866485928456124377e+00
1.864949048410677657e+00
1.865440889250677969e+00
1.866734506837144147e+00
1.871037424120976178e+00
1.877499450155612815e+00
1.885351725974685477e+00
1.891458203088943302e+00
1.895981661043172117e+00
1.902022875993777173e+00
1.909347319170190405e+00
1.919532258062688568e+00
1.928183818710555553e+00
1.937506254058040556e+00
1.944939681250708263e+00
1.949004978884897321e+00
1.954373040920835525e+00
1.958718482942630512e+00
1.964714808755446240e+00
1.968950927203791057e+00
1.971924120633399502e+00
1.974170342051176696e+00
1.979633188619342343e+00
1.986957752551081757e+00
1.997557652558826113e+00
2.008967375938156774e+00
3.740776633880116719e+00
3.748567151105807405e+00
3.752840823843802021e+00
3.752383325801637692e+00
3.746126610256637512e+00
3.737310517222874662e+00
3.727375529684977984e+00
3.714949901581457326e+00
3.704828480702375693e+00
3.695125772830893052e+00
3.689278185002731192e+00
3.687657831665397623e+00
3.690793372438812892e+00
3.695098759081372641e+00
3.700777997186868173e+00
3.704024910304451357e+00
3.706605045053226632e+00
3.707639912511504043e+00
3.705360216863134770e+00
3.702371342231760565e+00
3.696749804083638846e+00
3.694978022059305367e+00
3.693566076231105555e+00
3.694236352329509199e+00
3.694832944242473438e+00
3.695225065788540153e+00
3.694086205370419318e+00
3.694131583737976676e+00
3.696152724208689122e+00
3.699217254609243888e+00
3.701381488529950303e+00
3.701770472559069880e+00
3.700285397218485262e+00
3.697607818478841679e+00
3.695059577292622688e+00
3.695119494480736844e+00
3.695357588636004387e+00
3.694652734255829962e+00
3.696105555591721714e+00
3.695818016083147750e+00
3.695877216526334053e+00
3.696224565459605316e+00
3.694968484277151966e+00
3.696451136188428688e+00
3.699067191095279927e+00
3.700371106461522785e+00
3.704067816052350359e+00
3.708914066609142246e+00
3.719071028747882313e+00
3.729572010062350618e+00
