1.962371868782613493
1.961302634309911141
1.958105862519309071
1.952814522783878237
1.945484127363373172
1.936193511040691817
1.925045789488189385
1.912169362660322669
1.897718800530193262
1.881875436137194546
1.864847497840969481
1.846869632031574726
1.828201683283593004
1.809126593492916157
1.789947249684925357
1.770982072573487054
1.752559143757478566
1.735008779376814303
1.718654708335699333
1.703804375608513055
1.690739255284145592
1.679706258911604522
1.670911216940474509
1.664514958266502864
1.660631840064981768
1.659329944582353722
1.660631840064987541
1.664514958266505307
1.670911216940482724
1.679706258911605410
1.690739255284144038
1.703804375608519717
1.718654708335709103
1.735008779376817856
1.752559143757486115
1.770982072573492383
1.789947249684928243
1.809126593492921264
1.828201683283590562
1.846869632031576058
1.864847497840969259
1.881875436137197655
1.897718800530196592
1.912169362660327554
1.925045789488189829
1.936193511040696480
1.945484127363370730
1.952814522783873574
1.958105862519311957
1.961302634309909587
3.427025626028800787
3.425361271054221834
3.420403970317419162
3.412260124932336769
3.401104076815125055
3.387173552985427882
3.370763193447817052
3.352216154153801142
3.331913888926094192
3.310264392555053448
3.287689414303047730
3.264611385829938595
3.241440988267824341
3.218566340586711760
3.196344671986647512
3.175097032959155019
3.155106149596054621
3.136617035310766965
3.119839571376686216
3.104952061774629346
3.092104806473232159
3.081422987458746654
3.073008525100809685
3.066940917438426784
3.063277325848555943
3.062052276868997946
3.063277325848559052
3.066940917438426339
3.073008525100815458
3.081422987458757756
3.092104806473240597
3.104952061774637784
3.119839571376687548
3.136617035310778512
3.155106149596061282
3.175097032959164789
3.196344671986648844
3.218566340586718866
3.241440988267828338
3.264611385829933710
3.287689414303049951
3.310264392555050783
3.331913888926095080
3.352216154153804251
3.370763193447815720
3.387173552985427882
3.401104076815133936
3.412260124932338989
3.420403970317418718
3.425361271054219170
