2.069613252091786038
2.069220774224358905
2.068045010797583405
2.066091220923338856
2.063368977343385424
2.059893304890783039
2.055686132012684464
2.050777922166722167
2.045209329203463877
2.039032712045774964
2.032313352043175758
2.025130241490773475
2.017576350056675238
2.009758319167502805
2.001795572084468233
1.993818849581537433
1.985968182971311169
1.978390301421161013
1.971235452158209167
1.964653609627766473
1.958790081666375915
1.953780596834837180
1.949746070851050117
1.946787377650188500
1.944980555761020913
1.944372925941145969
1.944980555761027352
1.946787377650183393
1.949746070851044566
1.953780596834839400
1.958790081666376137
1.964653609627761366
1.971235452158215828
1.978390301421166786
1.985968182971315832
1.993818849581527219
2.001795572084460684
2.009758319167498808
2.017576350056673906
2.025130241490761485
2.032313352043173094
2.039032712045763862
2.045209329203470539
2.050777922166722167
2.055686132012679135
2.059893304890784815
2.063368977343385424
2.066091220923338856
2.068045010797585626
2.069220774224363790
3.713692382523491542
3.713076713388917316
3.711241145037973865
3.708219897412846411
3.704069649708064293
3.698868909421415108
3.692716947292800089
3.685732157472125348
3.678049717565739396
3.669818473275636261
3.661197055379401100
3.652349344110684903
3.643439511585683910
3.634626974975366132
3.626061657829643625
3.617879964200927834
3.610201809858226696
3.603128931577385341
3.596744529830167902
3.591114124920457673
3.586287358306948114
3.582300379367547638
3.579178437256497869
3.576938341929077669
3.575590544888874067
3.575140687498735481
3.575590544888873179
3.576938341929076337
3.579178437256496093
3.582300379367544974
3.586287358306947670
3.591114124920467443
3.596744529830168791
3.603128931577382676
3.610201809858223143
3.617879964200930942
3.626061657829638296
3.634626974975358138
3.643439511585674584
3.652349344110687124
3.661197055379392662
3.669818473275628268
3.678049717565732735
3.685732157472117798
3.692716947292801422
3.698868909421411555
3.704069649708061629
3.708219897412846411
3.711241145037969424
3.713076713388915984
