3.257480015060253198e+00
3.265769545665768270e+00
3.286431440498901235e+00
3.315509677666959032e+00
3.357793700803917591e+00
3.410580599104585442e+00
3.477817124848468833e+00
3.557402167973398921e+00
3.650844071908041943e+00
3.757512481405631100e+00
3.877312980503013318e+00
4.012880903098161589e+00
4.164612299042818933e+00
4.330303515249307011e+00
4.506891291924534748e+00
4.693859647827088644e+00
4.887753274289099892e+00
5.085823032123340859e+00
5.279457206193296948e+00
5.466804640809562521e+00
5.639110968366497723e+00
5.791164605658082110e+00
5.916037609276177278e+00
6.012763402599673235e+00
6.073663437545818056e+00
6.096506797983905379e+00
6.077892817107364287e+00
6.017666433373277890e+00
5.921653511909484635e+00
5.790940590382291475e+00
5.632849804800822646e+00
5.454601231570323172e+00
5.263742301273341972e+00
5.066794664568782913e+00
4.871372471189481246e+00
4.679470037238249169e+00
4.494725668179415656e+00
4.319971322507948130e+00
4.155548611786423763e+00
4.004209565565633788e+00
3.867516416445693217e+00
3.743291521146129508e+00
3.633909919516149944e+00
3.539953225328724695e+00
3.459143188303675398e+00
3.391064490705216095e+00
3.337788594661746266e+00
3.298450089299753696e+00
3.272832637997766358e+00
3.257743396329004781e+00
8.700177937217089763e+00
8.715231727642272830e+00
8.755591719990015065e+00
8.818826568424483980e+00
8.908269288492279614e+00
9.027163957137965156e+00
9.172853972654930743e+00
9.349897370072696390e+00
9.560235293440719317e+00
9.804255111490238761e+00
1.008472069585345388e+01
1.040238094645078881e+01
1.075900255021463536e+01
1.115270847713949109e+01
1.158247758530895233e+01
1.204321787693886670e+01
1.252647103317155342e+01
1.302393276448942139e+01
1.352197996291018001e+01
1.400490904279597792e+01
1.445881084089491075e+01
1.486210985575799981e+01
1.519527881544991033e+01
1.544710310225090311e+01
1.560441777382925821e+01
1.565843533423453415e+01
1.560508900117312159e+01
1.544754032700474156e+01
1.519183369584834153e+01
1.485162441510038889e+01
1.444501528230365928e+01
1.398749925185184395e+01
1.349839498094801016e+01
1.299834762948436584e+01
1.249934603475615269e+01
1.201630643240739005e+01
1.155904293443543018e+01
1.112904907975762470e+01
1.073533883257124266e+01
1.037641813578511218e+01
1.005724160535443445e+01
9.775794071576285660e+00
9.530664369964881644e+00
9.321428767557089046e+00
9.145285400620659644e+00
8.999823051385888562e+00
8.885425261239403127e+00
8.799923304705631111e+00
8.741353742571673635e+00
8.706941341910299670e+00
