3.183243391434821046e+00
3.185427941400657659e+00
3.193849056458798241e+00
3.208000097520314231e+00
3.227695780859048291e+00
3.250961639138154613e+00
3.278560574657604754e+00
3.311462206822569865e+00
3.347571198848942942e+00
3.390926115169135446e+00
3.439491960310297802e+00
3.495928860107035963e+00
3.558521137110497445e+00
3.632555342019702316e+00
3.715558604837423839e+00
3.807045873966839800e+00
3.904789947612266943e+00
4.007032454779655417e+00
4.111016899980233674e+00
4.212440705384310924e+00
4.310522696751022842e+00
4.398712368032665410e+00
4.471155466267390466e+00
4.527685850160962033e+00
4.563654884880779861e+00
4.576352510695264719e+00
4.566843026391566696e+00
4.534155431410428427e+00
4.481347162389979211e+00
4.411924257511016911e+00
4.328618695661431204e+00
4.234357573515468154e+00
4.132139032375851784e+00
4.028606826553133402e+00
3.924717654718909543e+00
3.825207566023943961e+00
3.730937938596542658e+00
3.643748585597870182e+00
3.564676420990727124e+00
3.494512254597521128e+00
3.432542055268260395e+00
3.382882206931130398e+00
3.340436790835946024e+00
3.307516660703434752e+00
3.278413819537964624e+00
3.254325647898773433e+00
3.232292533846611526e+00
3.213779021954607629e+00
3.197617833364287954e+00
3.187298102211311601e+00
8.163111550750409506e+00
8.168764396434017527e+00
8.185046952170711876e+00
8.214938105749777009e+00
8.256716973785074742e+00
8.309446489829548810e+00
8.372936870281852961e+00
8.448855823243549779e+00
8.537063127512707794e+00
8.639348012633190521e+00
8.754775387005771847e+00
8.887440542623394890e+00
9.034196914791630562e+00
9.200065101903964759e+00
9.381814592600994374e+00
9.577843811219109327e+00
9.782281321468033752e+00
9.993612543055030883e+00
1.020534681607719030e+01
1.041004913045740388e+01
1.060383244363655919e+01
1.077484113901489060e+01
1.091627674907046419e+01
1.102461454272274644e+01
1.109199475655121248e+01
1.111471768072072663e+01
1.109461901703812181e+01
1.103171157496183419e+01
1.092942506144592940e+01
1.079086151699704743e+01
1.062516611815409462e+01
1.043508635371338578e+01
1.023328971774874496e+01
1.002250636065917355e+01
9.810699703778574587e+00
9.603701483855887844e+00
9.405433217729170181e+00
9.220489567264641195e+00
9.048324283345419161e+00
8.892587221896270933e+00
8.755207962631141427e+00
8.634660927238982708e+00
8.531751232001942853e+00
8.445412943532739192e+00
8.371749013074989421e+00
8.311599556769584396e+00
8.260237689491232160e+00
8.220362485419338228e+00
8.189393509326022169e+00
8.170672748939125540e+00
