3.098740194542768389e+00
3.098100159782585017e+00
3.097397029552136694e+00
3.099371506329125836e+00
3.098784835838992002e+00
3.099553460725354537e+00
3.097009037725503511e+00
3.095226334390982270e+00
3.094279603380775789e+00
3.093518336864263141e+00
3.097165464296181892e+00
3.102016091753616589e+00
3.106391190513197120e+00
3.109323791060599529e+00
3.110451914069973789e+00
3.109499626059499811e+00
3.110001398752993751e+00
3.110046114450373711e+00
3.109232150635200309e+00
3.109104508338125683e+00
3.107802031789119734e+00
3.107672229148375820e+00
3.107815415865240016e+00
3.108510479711172447e+00
3.109430256138917326e+00
3.107926376344270381e+00
3.106350038525734103e+00
3.101848417742303354e+00
3.096827232887088055e+00
3.091143085455344330e+00
3.086857785748414518e+00
3.083340365814780881e+00
3.081118850378981922e+00
3.078563830819246672e+00
3.075588063540336314e+00
3.074838112595975392e+00
3.074159424535862772e+00
3.073950484878744671e+00
3.074062794034035484e+00
3.072773653948847272e+00
3.069167672237263389e+00
3.066528123364153480e+00
3.067826463926986769e+00
3.071290125446472619e+00
3.077873710195859314e+00
3.084960301325811116e+00
3.091958547829260606e+00
3.095108959159411199e+00
3.097833252390145731e+00
3.099571876468792730e+00
7.744332434432340762e+00
7.743884252454714456e+00
7.744347211044423140e+00
7.744835498139272190e+00
7.747275829623601950e+00
7.748751109185826103e+00
7.748992791482419484e+00
7.749737427533409218e+00
7.751577287341082645e+00
7.754427527888425153e+00
7.757002682584393405e+00
7.760642222275508040e+00
7.764505890985531344e+00
7.765479571301932005e+00
7.767377923221555847e+00
7.767958772460724859e+00
7.767964799914403251e+00
7.768104211206672716e+00
7.767805616619452458e+00
7.765801708840625039e+00
7.764914747839625875e+00
7.762767690237602380e+00
7.763087590775973545e+00
7.763400629087191085e+00
7.762146985577808245e+00
7.759305662251271052e+00
7.757008980233737638e+00
7.752788128163230041e+00
7.746426632285063008e+00
7.741806314761317864e+00
7.734571267064825228e+00
7.729593434388654316e+00
7.723946582671326055e+00
7.718412817713318219e+00
7.715619190083875090e+00
7.711362973607989169e+00
7.709016202793140593e+00
7.707950517609332586e+00
7.706049066983085005e+00
7.704312814709637358e+00
7.703416081432860274e+00
7.703232273515546957e+00
7.703703749968242143e+00
7.709353578250095929e+00
7.715160917608875124e+00
7.722582306039636357e+00
7.730754191174314727e+00
7.736819512467115523e+00
7.741136286517812160e+00
7.743746693267582692e+00
