3.010728447238803618e+00
3.027282477863266319e+00
3.085530267932592885e+00
3.182354269070863939e+00
3.318768518009439727e+00
3.488976602115233305e+00
3.692926456812821723e+00
3.926451143350383255e+00
4.186061975216611053e+00
4.463243125877481177e+00
4.755582770066115295e+00
5.055024106828113872e+00
5.355479002454833548e+00
5.654384370619259137e+00
5.944497344104569869e+00
6.217275548717827505e+00
6.471767719509140093e+00
6.700846030427423550e+00
6.903449848222815710e+00
7.075255187461891637e+00
7.216783251978330149e+00
7.327484698172628264e+00
7.409455635131525497e+00
7.464371689564836210e+00
7.495047832340352656e+00
7.506112864796005368e+00
7.495669274336531629e+00
7.465520169110676285e+00
7.411211219616088641e+00
7.330749829209943336e+00
7.222028096678810627e+00
7.083255793235232467e+00
6.915201258772071924e+00
6.714991844362301343e+00
6.485215089116003639e+00
6.228864097077952522e+00
5.949516352457219881e+00
5.656646508400456241e+00
5.356064368602535097e+00
5.052506096980760475e+00
4.754003070627311978e+00
4.461823112363989985e+00
4.184381291016535442e+00
3.925947191621621535e+00
3.695146079715919907e+00
3.492955397357860647e+00
3.325277677641044427e+00
3.192930501303376634e+00
3.094022571788952902e+00
3.032334005305912683e+00
9.336037443249507461e+00
9.365679002830573197e+00
9.459099304734255753e+00
9.615311937759871697e+00
9.833114103463984179e+00
1.011111608873623702e+01
1.044993112218118014e+01
1.084792447152234729e+01
1.130424471362238670e+01
1.182409986641553346e+01
1.240631952984969644e+01
1.305090197280251196e+01
1.376451978569582302e+01
1.454576949374836659e+01
1.539191498688571436e+01
1.629944147864386395e+01
1.725528804768320867e+01
1.823802403219867685e+01
1.922788533420914803e+01
2.019365777930897465e+01
2.109602792186786502e+01
2.190206519093345605e+01
2.257413974636531506e+01
2.308104957636476939e+01
2.339678975458837940e+01
2.350426477404391790e+01
2.339953870701573280e+01
2.308827412524907174e+01
2.258356858262317957e+01
2.191339332429317110e+01
2.110680929399928019e+01
2.020511234416364132e+01
1.924198342114667426e+01
1.825339397465565483e+01
1.726897480860314715e+01
1.631268395414368300e+01
1.540169588622699415e+01
1.455134668489772842e+01
1.376728306385465928e+01
1.305281352818051133e+01
1.240660107634983866e+01
1.182481909795299657e+01
1.130629260687888937e+01
1.084601053587940989e+01
1.045081370017514466e+01
1.011249190657766661e+01
9.837761586310389106e+00
9.619682570036994562e+00
9.464666692414278160e+00
9.370123015000350719e+00
