3.283262272551109362e+00
3.311020052142803483e+00
3.413993281431134008e+00
3.592633083797345250e+00
3.850605176840138810e+00
4.188301456002470502e+00
4.613801368995929408e+00
5.128215311347967820e+00
5.734689750633902960e+00
6.424659903187801113e+00
7.202315890390432962e+00
8.053298467787682213e+00
8.960731082348843302e+00
9.918100776887326830e+00
1.089777880117828879e+01
1.186572866662320713e+01
1.281106708664752247e+01
1.369739395445919428e+01
1.450858732138254936e+01
1.521409140078833744e+01
1.580877452903749436e+01
1.628082208705880518e+01
1.663398547650199788e+01
1.687353980362712491e+01
1.700881519585879786e+01
1.705926664541472704e+01
1.701574507781106860e+01
1.688317576188057600e+01
1.664472463077989062e+01
1.629440722742296543e+01
1.582824484691113476e+01
1.524523556913936595e+01
1.455473163138616322e+01
1.375201125346056941e+01
1.286075169898512272e+01
1.190479189002528670e+01
1.091250252871811455e+01
9.922845299831774213e+00
8.961035194976929574e+00
8.042218045951143424e+00
7.192172621482682437e+00
6.412481614866652357e+00
5.718023553872860987e+00
5.111286318107777227e+00
4.603582983540758455e+00
4.182352333976283809e+00
3.852256900036692411e+00
3.603431117925622651e+00
3.426702059907247744e+00
3.319218251707399592e+00
2.728630453827666358e+01
2.745447169717817459e+01
2.798234201132212817e+01
2.887468601888360098e+01
3.014192804781444579e+01
3.179158753342426635e+01
3.386450997088870452e+01
3.637723643916771010e+01
3.937209193447782951e+01
4.293055896083389200e+01
4.710921031379822210e+01
5.196936235935992698e+01
5.764247170530587994e+01
6.420684609774544072e+01
7.173363285498017206e+01
8.029185588041738697e+01
8.985144795319894229e+01
1.002613024720245392e+02
1.113382154491167029e+02
1.227183250992811310e+02
1.338604466854970951e+02
1.442285253014129296e+02
1.531740329687813755e+02
1.601020986447621794e+02
1.644972342700787920e+02
1.660080928000742233e+02
1.645393031370688561e+02
1.602072830421210199e+02
1.533045696802667521e+02
1.443777046736039438e+02
1.339944538401764476e+02
1.228549795025687246e+02
1.115003894136187199e+02
1.004297450629422599e+02
8.999435477013344098e+01
8.042164377474740888e+01
7.182070050460120569e+01
6.424987990373179514e+01
5.765688234701892156e+01
5.197531519304075687e+01
4.709942389632360005e+01
4.292263856202960426e+01
3.936648548001245018e+01
3.634152635989094904e+01
3.384186532789264135e+01
3.177213563955159614e+01
3.014189884461078961e+01
2.887980354928416915e+01
2.800226655922646657e+01
2.747446471796462930e+01
