4.250600041075212943e+00
4.262304225273736868e+00
4.280183965188993689e+00
4.304321920235626209e+00
4.331120212145461501e+00
4.362769373567261688e+00
4.403505321571092423e+00
4.451845375226331392e+00
4.508671844855794753e+00
4.580784392197196908e+00
4.670568085231908029e+00
4.780960292992595839e+00
4.911597185325138781e+00
5.070715896296257519e+00
5.254359592838996562e+00
5.457989519004125434e+00
5.679839292174150067e+00
5.915794825855341443e+00
6.159432873372512773e+00
6.401040261000265019e+00
6.639926932748079658e+00
6.860524484123196487e+00
7.045891655824596533e+00
7.195374337038397350e+00
7.292641553229940676e+00
7.325871765651964296e+00
7.300423157189416479e+00
7.212572759246843823e+00
7.074560833514843772e+00
6.896595782451737655e+00
6.686890880936347870e+00
6.451541825535257679e+00
6.199949690928978185e+00
5.953200104192615250e+00
5.713373355940662535e+00
5.493108671024983458e+00
5.288598172933610009e+00
5.105660850407804041e+00
4.942637970026280136e+00
4.798012050227628222e+00
4.674835637436659752e+00
4.577997189974665204e+00
4.499105669293951948e+00
4.438420052254032022e+00
4.384188144195797499e+00
4.338965405944127163e+00
4.301490082098399448e+00
4.273404218290124845e+00
4.254072002183381329e+00
4.247503119606224509e+00
2.418762445416605544e+01
2.423286388945971126e+01
2.432245244156969477e+01
2.446867586859572086e+01
2.466117694958332152e+01
2.490349294476934716e+01
2.519901698366412646e+01
2.555446718773178461e+01
2.598152934023924843e+01
2.648707481881215386e+01
2.707649790199101147e+01
2.777516631567307215e+01
2.857123317749253033e+01
2.948813738495251258e+01
3.051389878981389359e+01
3.163610689052146796e+01
3.282927177124984297e+01
3.408538356987981643e+01
3.536339795958199517e+01
3.662277722254651025e+01
3.783195670118175968e+01
3.892481211324345480e+01
3.984205325892038729e+01
4.055663284382801237e+01
4.100501544311439517e+01
4.115726727337877122e+01
4.102084021921771040e+01
4.060337582883716578e+01
3.993395821715688498e+01
3.903786490961766020e+01
3.797810848522630778e+01
3.677803134953129671e+01
3.552348027063952429e+01
3.423665593335463342e+01
3.297076991400574997e+01
3.176526953480082938e+01
3.063507021464860713e+01
2.959998061810646774e+01
2.865950127144653692e+01
2.782048294829460033e+01
2.709321947803811170e+01
2.646507248324967776e+01
2.593234478248065855e+01
2.549585579302095439e+01
2.513001763585851833e+01
2.483182512730373404e+01
2.458460022588866423e+01
2.439816666886340357e+01
2.426824041375968122e+01
2.419970955842062210e+01
