4.004474578729056766e+00
4.019882505216823887e+00
4.058234706582837248e+00
4.107390319869266726e+00
4.182187510648094353e+00
4.277534223663632673e+00
4.404938029811109601e+00
4.559696719963283407e+00
4.745240163194990757e+00
4.959493729983958765e+00
5.208635741781172612e+00
5.501867209896368571e+00
5.845041743127213252e+00
6.238439435224078622e+00
6.675671542190652730e+00
7.162743943370195154e+00
7.695397750893848254e+00
8.266742130678363054e+00
8.849925832228061395e+00
9.436468893113030276e+00
9.992444042545237437e+00
1.049985211157748743e+01
1.092761946846062315e+01
1.126643298610495947e+01
1.148505535732994964e+01
1.156940953056611932e+01
1.150433245357065815e+01
1.128934988217868707e+01
1.095149191946871170e+01
1.049867308316349579e+01
9.965692373971364759e+00
9.385011512100350117e+00
8.790822734862748788e+00
8.204142220753064763e+00
7.648233520355624648e+00
7.125950167575568983e+00
6.646405820658547903e+00
6.212048699871780322e+00
5.822840286647156915e+00
5.479518256049884073e+00
5.182355586627584110e+00
4.924137594167167009e+00
4.706400840379163064e+00
4.526217471434621054e+00
4.374750575861622082e+00
4.250194845727055970e+00
4.151026072218134466e+00
4.078062916972021945e+00
4.031563730916936095e+00
4.002758358777684933e+00
2.490279632803652632e+01
2.498389435990445762e+01
2.518703068311042159e+01
2.550541721364577441e+01
2.595911132744745586e+01
2.657266058723755364e+01
2.733688937456852841e+01
2.828711528318320489e+01
2.943610814827607314e+01
3.080499876479884946e+01
3.242068396400051711e+01
3.431235637707006703e+01
3.651194834425197655e+01
3.903148594384673942e+01
4.189693122911779000e+01
4.509465403961784347e+01
4.859532309911377013e+01
5.235113729817789618e+01
5.626766252913378707e+01
6.021251654678346910e+01
6.404793377152336120e+01
6.755862061989689948e+01
7.053483167217963512e+01
7.283061195539985988e+01
7.428676296075445862e+01
7.479186863195484136e+01
7.429686821761119120e+01
7.283941360925072672e+01
7.050409758859917986e+01
6.745518899369729127e+01
6.390729194691195403e+01
6.003934538464900328e+01
5.605037087288092579e+01
5.212822256242784391e+01
4.837070115584079133e+01
4.488035380985130729e+01
4.171227164973092982e+01
3.885392565020149647e+01
3.634254361541074729e+01
3.413834186734040799e+01
3.224609203198581753e+01
3.063026902755364489e+01
2.926522680118021214e+01
2.813213758382116936e+01
2.719557829671291316e+01
2.643350147843675657e+01
2.584119283929567246e+01
2.540197496697571111e+01
2.510352511339194237e+01
2.493105735853343674e+01
