4.444361544837119204e+00
4.445406732095343649e+00
4.445138751328568283e+00
4.453328860254466726e+00
4.455909150264177221e+00
4.460837238064814692e+00
4.455930563314645099e+00
4.449334844799246014e+00
4.443381323103087865e+00
4.439232306867373801e+00
4.446204225362349050e+00
4.456346413241599080e+00
4.463924796794175975e+00
4.467776739710219047e+00
4.470042478052096868e+00
4.468813694651702306e+00
4.474284449714367895e+00
4.479297611094473552e+00
4.480011073217410100e+00
4.478340485046272690e+00
4.467879460249097434e+00
4.460507264918450510e+00
4.454602235833684531e+00
4.452339766872106530e+00
4.452923400211897587e+00
4.452696972379442286e+00
4.455204276316194090e+00
4.447973345601842432e+00
4.441699655842981542e+00
4.430491450449324908e+00
4.418098725562020768e+00
4.405761452561547387e+00
4.395948318178887426e+00
4.390374072548063999e+00
4.387375055659884282e+00
4.390797235147822164e+00
4.391051969913435826e+00
4.389714454594466631e+00
4.387056102256158496e+00
4.381246757859823759e+00
4.373553986753969447e+00
4.366315169571352683e+00
4.362450855039273101e+00
4.365230751366509843e+00
4.375226633877177917e+00
4.391933078461444317e+00
4.409940323220185476e+00
4.421775171825736983e+00
4.433854097470834255e+00
4.441364338082864016e+00
2.402529433053668129e+01
2.403605058030787944e+01
2.405040512362212368e+01
2.406502719525247258e+01
2.409081624487104278e+01
2.411038774248351046e+01
2.411712570740664319e+01
2.411559519905187443e+01
2.411640337890386121e+01
2.412392362945587365e+01
2.413406697414001556e+01
2.415565052339348284e+01
2.417380522419575684e+01
2.418263690278811140e+01
2.419434694315229706e+01
2.419707393545810703e+01
2.419356454360189801e+01
2.419244768645408783e+01
2.418279077954457890e+01
2.415666590683620640e+01
2.413827474869010459e+01
2.411550304527504451e+01
2.410534741752279686e+01
2.409997769926157218e+01
2.409383649754310142e+01
2.408553356212671659e+01
2.408192185585865985e+01
2.407018587651965547e+01
2.404221458555372237e+01
2.401368631388612229e+01
2.396936351259722997e+01
2.393841481701714713e+01
2.390186354838529681e+01
2.387829564992900089e+01
2.386795074884330958e+01
2.385080361076373023e+01
2.384615043979325222e+01
2.383568386239388914e+01
2.382053113455996041e+01
2.380346970391996919e+01
2.378718036400779212e+01
2.377553466300284413e+01
2.376718797082284951e+01
2.378673790289984069e+01
2.381174913672945337e+01
2.385904587499110008e+01
2.391076552929716570e+01
2.395663847515569955e+01
2.399045658783585111e+01
2.401573564075240697e+01
