5.252378429601311183e+00
5.257688965541410298e+00
5.250839077070497574e+00
5.263370316933779769e+00
5.270746227025950859e+00
5.271099717745753921e+00
5.260660563895823927e+00
5.236469755523488701e+00
5.227553684169943260e+00
5.232330723910928683e+00
5.255883377818244107e+00
5.275938169521752208e+00
5.285462695683031065e+00
5.278477252328158009e+00
5.276222399602957580e+00
5.273517660114501737e+00
5.291220677099484959e+00
5.314653258990407636e+00
5.324327529526171610e+00
5.316332824143832347e+00
5.289759379310881471e+00
5.268765931109492762e+00
5.252752700533176444e+00
5.248029831249851007e+00
5.241238997632525098e+00
5.242474696903698828e+00
5.256387365106077070e+00
5.263303575122797895e+00
5.270766821568932059e+00
5.261603369084450144e+00
5.244452670293452634e+00
5.223914733293294255e+00
5.196938944491995116e+00
5.166173172371067324e+00
5.147424466257604081e+00
5.140477220256475910e+00
5.150529773508944587e+00
5.167741931486632190e+00
5.178761018533992733e+00
5.186238105126703246e+00
5.181103319278490105e+00
5.166797696113906824e+00
5.146673848354716974e+00
5.133609049585832196e+00
5.126923115114977669e+00
5.140034821672506915e+00
5.163227503388795547e+00
5.186784888426386964e+00
5.216805381163721833e+00
5.235888991822369221e+00
2.501743251812923319e+01
2.505618415695359857e+01
2.509479696638950941e+01
2.513482741671053589e+01
2.518902865816797743e+01
2.522740427045014400e+01
2.522996892746974851e+01
2.519738211436153108e+01
2.519410252930251559e+01
2.520650184464047783e+01
2.524621786652277677e+01
2.529584005415019377e+01
2.530659033401351721e+01
2.531165225306046906e+01
2.532065345487059460e+01
2.532122106339831902e+01
2.531043998812396012e+01
2.532978297823780878e+01
2.532018541859109106e+01
2.526852685727987691e+01
2.521830928382898662e+01
2.516704497617154246e+01
2.512879171652928534e+01
2.510467396931073125e+01
2.509775709829065704e+01
2.511162888405054971e+01
2.514135123209898381e+01
2.515777174187591214e+01
2.515361602415391218e+01
2.511646529148023532e+01
2.504998459571174507e+01
2.500480740863822859e+01
2.492332988129749438e+01
2.486615645231120908e+01
2.481716478821359217e+01
2.479077787954144085e+01
2.481452060661496617e+01
2.484051110097520976e+01
2.485398272159407540e+01
2.486355867266830444e+01
2.482763205581134969e+01
2.478709852660706758e+01
2.474723303797175689e+01
2.471738132953208122e+01
2.470568159546546738e+01
2.474157892102262224e+01
2.478564930348016304e+01
2.485973210051315974e+01
2.492770670730979887e+01
2.498913199383441608e+01
