1.371977490104040909e+00
1.369233062653152366e+00
1.364474921511274808e+00
1.360190328557399297e+00
1.349993139514308105e+00
1.337500957417002478e+00
1.319864815688926996e+00
1.295054902283450993e+00
1.261987140916988492e+00
1.222732318297788723e+00
1.179924473358060943e+00
1.136276401914750434e+00
1.089957642515362313e+00
1.043229470749703403e+00
9.944496516667732378e-01
9.476067422652961758e-01
9.054394133442293935e-01
8.698736452553953447e-01
8.392694142355106024e-01
8.089714189378854892e-01
7.835721345361422729e-01
7.598709266053085276e-01
7.393326562940583102e-01
7.268523746248329864e-01
7.213422630948728154e-01
7.228540227619577596e-01
7.308345196366380359e-01
7.370809376308687932e-01
7.459165595057368758e-01
7.581730943106312903e-01
7.766314988311077139e-01
8.031011849739462249e-01
8.341453381874056605e-01
8.654244563549219338e-01
9.006653861226417979e-01
9.401786481011070729e-01
9.890968185822908154e-01
1.038535125164671724e+00
1.087543531782901862e+00
1.131211566620655695e+00
1.171935243241845059e+00
1.211262084058804867e+00
1.245444193841338087e+00
1.274643655380505392e+00
1.300578108961859769e+00
1.319475749567318612e+00
1.335804788864816794e+00
1.348372754373409643e+00
1.360567008745835693e+00
1.367858214994932764e+00
1.947547936845937855e+00
1.949141459931066134e+00
1.949385472254106633e+00
1.948055307691876070e+00
1.945032050753335184e+00
1.933255482000734160e+00
1.918547233144754394e+00
1.892133310788708611e+00
1.858636766377614435e+00
1.814577137054248501e+00
1.764679141908751525e+00
1.704497235660223708e+00
1.636979353955632099e+00
1.563180199840777274e+00
1.483634932088303104e+00
1.402792029108849592e+00
1.326630656808584163e+00
1.256542844216367305e+00
1.189908063233562352e+00
1.130191586887828947e+00
1.076639600361471327e+00
1.030215726941162924e+00
9.941700187642410480e-01
9.689476485249667315e-01
9.562369646930456435e-01
9.538827285501736419e-01
9.622777083708813350e-01
9.777129029252493719e-01
9.988554585761909577e-01
1.030660810637423319e+00
1.072771381013127634e+00
1.126985805799887830e+00
1.189163335230656759e+00
1.256783297826979284e+00
1.328073723832206898e+00
1.403063276326535380e+00
1.479935253290300956e+00
1.557143935720795680e+00
1.628391060516549915e+00
1.695657219100386692e+00
1.753420403350035794e+00
1.802575279426065435e+00
1.841069045719161190e+00
1.871537279302256662e+00
1.893908685332702957e+00
1.909138150666320755e+00
1.921360898166259989e+00
1.930778464233549041e+00
1.939371287378580888e+00
1.944873484390874374e+00
