2.654933242172424102e+00
2.653796826789833752e+00
2.677777661576592472e+00
2.731551312858186975e+00
2.801298561002397935e+00
2.895504605153349953e+00
3.003701187180618515e+00
3.110920091283293054e+00
3.212643809806195794e+00
3.301794109543498834e+00
3.381457485054447876e+00
3.450988895057806261e+00
3.501066168343398566e+00
3.532457246947936724e+00
3.543754169769661289e+00
3.531992478480670439e+00
3.512269863628367350e+00
3.491784205224206517e+00
3.471800935499524510e+00
3.434280152424600274e+00
3.399039569436093089e+00
3.348358408174033851e+00
3.293306613856547216e+00
3.260614371899552388e+00
3.248161691722910582e+00
3.257515801332822480e+00
3.286961722956469156e+00
3.300822481274646947e+00
3.316924785794874264e+00
3.337261774301633288e+00
3.369411696924137889e+00
3.416059850112802998e+00
3.459253810874038493e+00
3.480462477237562968e+00
3.498361210378051034e+00
3.505621157205634830e+00
3.526109140451039625e+00
3.526572937222302251e+00
3.500717669971976864e+00
3.436722490666344054e+00
3.359703892096927547e+00
3.274650029814546670e+00
3.173978596823494591e+00
3.065791656749346394e+00
2.964154412065380217e+00
2.867960443313096075e+00
2.787981772184871865e+00
2.725054202952356786e+00
2.688628025385844555e+00
2.662496538600270135e+00
1.135330016865206026e+01
1.138413925148875450e+01
1.147057517616718592e+01
1.161097272454369644e+01
1.180759346528087050e+01
1.201621945718306961e+01
1.227556767151081907e+01
1.252115513465036578e+01
1.277156536933101627e+01
1.299977740645440605e+01
1.322966504264245557e+01
1.341347037856717606e+01
1.356415502642045645e+01
1.366797423629347463e+01
1.371362910802260870e+01
1.372068714925039856e+01
1.373354316888770299e+01
1.374652552439859221e+01
1.372846124784206445e+01
1.370336091201638595e+01
1.364524885347688432e+01
1.355881178832030010e+01
1.347983426850484356e+01
1.342697560493348874e+01
1.342578741410848231e+01
1.345395540102852827e+01
1.351371923829228727e+01
1.355104005999241856e+01
1.354198432663041807e+01
1.356111083477462564e+01
1.359807953702705419e+01
1.367346337088444130e+01
1.373851745260282620e+01
1.377207992044394480e+01
1.377222907729624524e+01
1.374917227722479218e+01
1.370192433723793712e+01
1.363621764227550770e+01
1.351074009119418484e+01
1.335775780974136673e+01
1.316270855692410358e+01
1.293523912876583992e+01
1.267349220445475844e+01
1.240244857752900920e+01
1.214017645508758925e+01
1.188981700830828458e+01
1.169055787016338321e+01
1.153029356707228636e+01
1.143395223188725218e+01
1.137295012037723652e+01
