2.205310315949387867e+00
2.202447659585978101e+00
2.201204186163649545e+00
2.199993180816140814e+00
2.198232063595498165e+00
2.196663861663034290e+00
2.193887110355196235e+00
2.193485514091896960e+00
2.192657050635749894e+00
2.192490429394962081e+00
2.191011688499050702e+00
2.188847664112772762e+00
2.184393038752640681e+00
2.181519256069069268e+00
2.174902807526820858e+00
2.167944059805551493e+00
2.163102401600072611e+00
2.158319341867321217e+00
2.155261027282681319e+00
2.151576683643630528e+00
2.150367152144576632e+00
2.148462647402219261e+00
2.146992010664328543e+00
2.146759577410890962e+00
2.148026357649357010e+00
2.153750149844343209e+00
2.159686932839408602e+00
2.167774193231884361e+00
2.172615712569925694e+00
2.172307357589387422e+00
2.167032387770026602e+00
2.160460862281747385e+00
2.155965632605642668e+00
2.156656178214884090e+00
2.159903800496221660e+00
2.168091335442967171e+00
2.177395473593140007e+00
2.185424986724073371e+00
2.191794163924231320e+00
2.193588798536360684e+00
2.192161565941968426e+00
2.189464295548642525e+00
2.187617157811922119e+00
2.188296672247302954e+00
2.193710437394231771e+00
2.201098413942141452e+00
2.208376620604136864e+00
2.212219525776119244e+00
2.211378466147649657e+00
2.209114740810460997e+00
4.242405723316536204e+00
4.235304917845669870e+00
4.231725883072736671e+00
4.229285617684189091e+00
4.227705191659349104e+00
4.228152884439904113e+00
4.229517142378141692e+00
4.230378523360744047e+00
4.233476272918556660e+00
4.234259910411755534e+00
4.235818971117358167e+00
4.236871612217226968e+00
4.237661003499701984e+00
4.238349138787374848e+00
4.238129728350441994e+00
4.238633641986037759e+00
4.238978599962552885e+00
4.240612760100455958e+00
4.240255894979423346e+00
4.241264775510460439e+00
4.241979714505057508e+00
4.241965429779373409e+00
4.241608229193274404e+00
4.242125102285943861e+00
4.244779994839338322e+00
4.251406983555646946e+00
4.258835199243327096e+00
4.265333049687995093e+00
4.268718628335184562e+00
4.267600993807519671e+00
4.263421782070444976e+00
4.256107868511959325e+00
4.249096535349914383e+00
4.244184808375941920e+00
4.242832445195150903e+00
4.246975557388949163e+00
4.252984795826875164e+00
4.257896632214376531e+00
4.259025936540687951e+00
4.258314612362624985e+00
4.254554837334225681e+00
4.247964489373518227e+00
4.244791174739028783e+00
4.242307298338353405e+00
4.244746915836359769e+00
4.249800626899591371e+00
4.253541568768522296e+00
4.255738443880137112e+00
4.252872532705135100e+00
4.247356842530995991e+00
