1.657059933863230361e+00
1.656122687851996123e+00
1.653723281711721338e+00
1.645001737829452360e+00
1.634719059859734980e+00
1.622253469406376380e+00
1.610061247940035356e+00
1.596028458612307688e+00
1.578481084784988386e+00
1.553949258468805494e+00
1.526379283706928769e+00
1.495650849540866467e+00
1.462808005827983315e+00
1.429509484562790922e+00
1.392957639959641947e+00
1.357805203479754308e+00
1.327135248536135403e+00
1.300113726937010439e+00
1.275604163629053156e+00
1.252605995789768389e+00
1.228271031742880437e+00
1.209128879978259352e+00
1.194139243245240900e+00
1.183859350115562092e+00
1.180762471958851201e+00
1.182105395476440224e+00
1.186197328523231453e+00
1.191187607800406889e+00
1.199610229655887483e+00
1.208576458232692108e+00
1.220676926573081023e+00
1.237244377734515899e+00
1.263265303603939627e+00
1.294146940558143388e+00
1.328132469436483998e+00
1.362288399674584261e+00
1.397248240395977392e+00
1.430028083705757291e+00
1.463339692503485834e+00
1.494051004157244344e+00
1.522702661805945823e+00
1.550740553435634217e+00
1.576924910128626678e+00
1.600254221070741778e+00
1.619425663053738917e+00
1.635678458881965058e+00
1.644630076950283959e+00
1.650240961954400065e+00
1.654300960202904180e+00
1.654869528990103644e+00
2.704919737026330040e+00
2.706427541492210320e+00
2.701249232098980269e+00
2.691972821325171239e+00
2.678333072752415056e+00
2.661991827892221885e+00
2.642359491331261800e+00
2.621096517439664098e+00
2.592797284438193905e+00
2.561296339114143450e+00
2.523424937850140992e+00
2.483002248655370003e+00
2.439396675024572136e+00
2.392139813376873203e+00
2.345831529007877947e+00
2.297102624611552457e+00
2.252151725542383964e+00
2.209346147733887822e+00
2.171443929325745703e+00
2.138022392137310046e+00
2.106210683939100825e+00
2.076850588540584575e+00
2.054219629345057641e+00
2.038607383100934367e+00
2.030983847076343718e+00
2.029738320242211458e+00
2.034116894152857125e+00
2.042486670046886221e+00
2.054764874452585488e+00
2.068839340451111841e+00
2.089511494736798980e+00
2.116893956627830864e+00
2.151309815271542192e+00
2.191789445837391881e+00
2.236575358971703231e+00
2.282502919961837851e+00
2.330172402238005258e+00
2.378578349091146737e+00
2.427881160931308457e+00
2.474818336519850615e+00
2.517773161062178744e+00
2.556379037297485279e+00
2.591819543765410572e+00
2.623947776257684161e+00
2.648779605511582425e+00
2.667435547328521839e+00
2.680836946847553914e+00
2.689788368866888657e+00
2.695832926504859284e+00
2.700566912716863666e+00
